1.928749847959999898e-22
1.811931850840000123e-21
1.541437513419999876e-20
1.192429826720000027e-19
8.421897332809999675e-19
5.451875836189999708e-18
3.246910181329999820e-17
1.785471255070000037e-16
9.097132307130000521e-16
4.309009562550000234e-15
1.903558822480000017e-14
7.867000113080000493e-14
3.050626221619999804e-13
1.113102514099999959e-12
3.831995127030000019e-12
1.247915832149999986e-11
3.853847459659999859e-11
1.131316380480000017e-10
3.164027869790000044e-10
8.449016953049999491e-10
1.781141759299999953e-09
3.293554877389999794e-09
5.919376111159999757e-09
9.916810117650000477e-09
1.562010301280000124e-08
2.345300915489999998e-08
3.391636894320000138e-08
4.758118476619999765e-08
6.508907290210000622e-08
8.715532552169999622e-08
1.145724515470000039e-07
1.482137082859999922e-07
1.890365739019999991e-07
2.380861749690000018e-07
2.964986814109999947e-07
3.655046753770000201e-07
4.464324975710000106e-07
5.407115731240000294e-07
6.498757183959999977e-07
7.755664296989999825e-07
9.195361547629999853e-07
1.083651547550000085e-06
1.269896706999999922e-06
1.480376400199999926e-06
1.717319270320000022e-06
1.983081029770000192e-06
2.280147638950000179e-06
2.611138470769999830e-06
2.978809461319999816e-06
3.386056246989999789e-06
3.835917288120000020e-06
4.331576979680000366e-06
4.876368748679999897e-06
5.473778139100000295e-06
6.127445884229999923e-06
6.841170966219999614e-06
7.618913663850000238e-06
8.464798587420000332e-06
9.383117702310000556e-06
1.037833334049999978e-05
1.145508119940000020e-05
1.261817332959999989e-05
1.387260111160000031e-05
1.522353821839999983e-05
1.667634356980000131e-05
1.823656427259999919e-05
1.990993854990000101e-05
2.170239865910000097e-05
2.362007379780000138e-05
2.566929300049999936e-05
2.785658801770000102e-05
3.018869619020000169e-05
3.267256330699999867e-05
3.531534645509999746e-05
3.812441684889999847e-05
4.110736266210000150e-05
4.427199183080000232e-05
4.762633485219999871e-05
5.117864757730000128e-05
5.493741397569999881e-05
5.891134889689999697e-05
6.310940081399999985e-05
6.754075455960000397e-05
7.221483403790000626e-05
7.714130492319999687e-05
8.233007735889999955e-05
8.779130860969999674e-05
9.353540572630000089e-05
9.957302818439999436e-05
1.059150904959999944e-04
1.125727648080000043e-04
1.195574834849999951e-04
1.268809416830000015e-04
1.345550998520000019e-04
1.425921862760000023e-04
1.510046995660000108e-04
1.598054111159999998e-04
1.690073675540000023e-04
1.786238931329999988e-04
1.886685921339999986e-04
1.991553512000000033e-04
2.100983416490000047e-04
2.215120218009999865e-04
2.334111391450000115e-04
2.458107326520000014e-04
2.587261348180000010e-04
2.721729738959999733e-04
2.861671758359999890e-04
3.007249664710000075e-04
3.158628733900000038e-04
3.315977278339999820e-04
3.479466666490000195e-04
3.649271338559999852e-04
3.825568826479999783e-04
4.008539770069999937e-04
4.198367931239999984e-04
4.395240208409999889e-04
4.599346654209999900e-04
4.810880485540000259e-04
5.030038095620000330e-04
5.257019069190000228e-04
5.492026187780000212e-04
5.735265443069999551e-04
5.986946040920000395e-04
6.247280410770000500e-04
6.516484209919999474e-04
6.794776328319999644e-04
7.082378928939999643e-04
7.379519561779999872e-04
7.686425127350000105e-04
8.003327497239999576e-04
8.330461792940000495e-04
8.668066370239999778e-04
9.016382800750000464e-04
9.375655863599999555e-04
9.746133551139999881e-04
1.012806531920000010e-03
1.052171147570000022e-03
1.092732583929999961e-03
1.134516906020000037e-03
1.177550492669999930e-03
1.221860030560000020e-03
1.267470545050000067e-03
1.314413928379999999e-03
1.362715305540000005e-03
1.412402561220000045e-03
1.463506561890000075e-03
1.516051414739999969e-03
1.570067743849999902e-03
1.625584617200000106e-03
1.682624054020000030e-03
1.741231374740000084e-03
1.801428312380000006e-03
1.863251229139999956e-03
1.926719865779999907e-03
1.991873626149999812e-03
2.058737194560000209e-03
2.127337218729999802e-03
2.197720812149999824e-03
2.269917737990000042e-03
2.343949233930000056e-03
2.419835562069999873e-03
2.497643523480000145e-03
2.577337683210000150e-03
2.659020293660000183e-03
2.742739787930000006e-03
2.828511919970000052e-03
2.916342059830000048e-03
3.006338401499999806e-03
3.098372100459999973e-03
3.192626801999999889e-03
3.289090668950000150e-03
3.387799260019999821e-03
3.488792546889999974e-03
3.592124492389999792e-03
3.697800712009999789e-03
3.805541859460000089e-03
3.916054954299999676e-03
4.028805269000000112e-03
4.144166864850000118e-03
4.262186947810000029e-03
4.382914083279999991e-03
4.506044286530000095e-03
4.631648876829999595e-03
4.760044456869999899e-03
4.891003332400000424e-03
5.025024948910000386e-03
5.162375073509999600e-03
5.301290799939999826e-03
5.442849995819999849e-03
5.588188955880000162e-03
5.736161789640000126e-03
5.887524673809999866e-03
6.041259325199999954e-03
6.197812937099999621e-03
6.358745870120000206e-03
6.522981671180000211e-03
6.690363492410000314e-03
6.860893807559999627e-03
7.034429656339999740e-03
7.211191005469999929e-03
7.391210857799999923e-03
7.576022944679999989e-03
7.764284581649999635e-03
7.956373453609999480e-03
8.151381355200000567e-03
8.351637998660000478e-03
8.553572945940000546e-03
8.759259846800000054e-03
8.972102053059999999e-03
9.184573674129999782e-03
9.403493978940000858e-03
9.624265709159999724e-03
9.848926766169999875e-03
1.008152954069999920e-02
1.031528169840000009e-02
1.055706526179999924e-02
1.079991195310000054e-02
1.104757286699999987e-02
1.130434829150000001e-02
1.156172057900000001e-02
1.182797980140000080e-02
1.209925807560000011e-02
1.237341032459999927e-02
1.265333851170000017e-02
1.293717333700000055e-02
1.322729634659999993e-02
1.352292620599999939e-02
1.383234356399999990e-02
1.414344976259999942e-02
1.445597840909999994e-02
1.478461262130000009e-02
1.510574445189999913e-02
1.545048689029999978e-02
1.579898849360000107e-02
1.615368069699999951e-02
1.651003974210000017e-02
1.687374488900000163e-02
1.724942363879999885e-02
1.762369001759999873e-02
1.800539619550000150e-02
1.841461634459999955e-02
1.882925727109999864e-02
1.924409634029999872e-02
1.967884004349999827e-02
2.013004931830000149e-02
2.056743092760000141e-02
2.103296215490000134e-02
2.151596291330000119e-02
2.200396767360000144e-02
2.248324063439999937e-02
2.300524973160000125e-02
2.356093229329999858e-02
2.414075099550000089e-02
2.474222491370000124e-02
2.534581091809999867e-02
2.600979800500000105e-02
2.668742997009999895e-02
2.738390276819999830e-02
2.815906425939999902e-02
2.932626525760000102e-02
3.016883563120000000e-02
3.101649938640000173e-02
3.181864052549999988e-02
3.258804510539999727e-02
3.334425789739999674e-02
3.407064596460000067e-02
3.479142833619999764e-02
3.550567848930000214e-02
3.622748990309999917e-02
3.694821345830000270e-02
3.764527340820000151e-02
3.835545100030000182e-02
3.906632092540000128e-02
3.978811467079999831e-02
4.050821444640000102e-02
4.121785892629999809e-02
4.193558243909999844e-02
4.265117335319999758e-02
4.336104082080000088e-02
4.409551891749999980e-02
4.482237952330000302e-02
4.554313211330000138e-02
4.627957317149999916e-02
4.702054445599999910e-02
4.775801588820000054e-02
4.849110670500000192e-02
4.923385389740000256e-02
4.997601936079999752e-02
5.073546778259999807e-02
5.148857300009999916e-02
5.224728213060000209e-02
5.300975376000000017e-02
5.377651410920000069e-02
5.456031396169999659e-02
5.533194748700000221e-02
5.611296643389999950e-02
5.688401227409999733e-02
5.766952265119999754e-02
5.844718892669999860e-02
5.923213134179999839e-02
6.003519674629999997e-02
6.083657776040000270e-02
6.164012915819999661e-02
6.245899619030000072e-02
6.327783804219999642e-02
6.410211251559999601e-02
6.490895095000000226e-02
6.571782483530000385e-02
6.653909336570000554e-02
6.736923337000000345e-02
6.820341781539999981e-02
6.902904822010000330e-02
6.986408341170000091e-02
7.070812603730000645e-02
7.155555412849999575e-02
7.238835287900000082e-02
7.323110553650000187e-02
7.406563422640000116e-02
7.491220679219999512e-02
7.577405783080000401e-02
7.663924298410000613e-02
7.748701792419999956e-02
7.835748213840000587e-02
7.921484209000000110e-02
8.008193616729999964e-02
8.095325172490000498e-02
8.183155291389999919e-02
8.270745849589999921e-02
8.358177571769999370e-02
8.445560085389999805e-02
8.533482719420000528e-02
8.621653733049999824e-02
8.708857367689999684e-02
8.797924336189999472e-02
8.886156442840000003e-02
8.974026083069999715e-02
9.061599932989999884e-02
9.148756553400000380e-02
9.236508884909999662e-02
9.323785611099999482e-02
9.411828695049999360e-02
9.499196663599999979e-02
9.585997873200000075e-02
9.673814352840000297e-02
9.761391321260000364e-02
9.848623191350000527e-02
9.936293278669999784e-02
1.002370168340000062e-01
1.011107938259999950e-01
1.019835567120000036e-01
1.028552347170000048e-01
1.037250892850000022e-01
1.045902199449999931e-01
1.054551266649999958e-01
1.063189332939999954e-01
1.071902970470000049e-01
1.080546046129999965e-01
1.089108137929999942e-01
1.097848953270000039e-01
1.106383803090000006e-01
1.114959568429999964e-01
1.123520284500000022e-01
1.132073666489999964e-01
1.140671159379999938e-01
1.149257991829999992e-01
1.157724979739999938e-01
1.166176855659999956e-01
1.174625480030000030e-01
1.183069937170000002e-01
1.191444610919999980e-01
1.199873386710000045e-01
1.208286261309999970e-01
1.216689390229999945e-01
1.225044750200000032e-01
1.233367205439999947e-01
1.241811139389999985e-01
1.250214534219999951e-01
1.258576201349999868e-01
1.266906309920000084e-01
1.275232374059999951e-01
1.283562386409999867e-01
1.291943532969999919e-01
1.300297863390000030e-01
1.308752082809999939e-01
1.317111648550000069e-01
1.325553703700000086e-01
1.333952703279999985e-01
1.342442595589999899e-01
1.350992938280000111e-01
1.359593390690000125e-01
1.368197712550000000e-01
1.376843984460000003e-01
1.385740458080000070e-01
1.394718458570000097e-01
1.403939598030000124e-01
1.412936845359999971e-01
1.421714319950000138e-01
1.430276062960000039e-01
1.438626041899999930e-01
1.446768154720000088e-01
1.454706233710000018e-01
1.462444049059999918e-01
1.469985312060000104e-01
1.477333678109999937e-01
1.484492749409999923e-01
1.491466077409999980e-01
1.498257165059999896e-01
1.504869468960000067e-01
1.511306401080000084e-01
1.517532699430000076e-01
1.523522240459999899e-01
1.529341625250000003e-01
1.534980915159999959e-01
1.540439496530000008e-01
1.545733012670000017e-01
1.550876290969999960e-01
1.555883205810000003e-01
1.560747338290000008e-01
1.565475870159999949e-01
1.570067670159999984e-01
1.574543226329999934e-01
1.578894867139999936e-01
1.583132189379999888e-01
1.587252788019999916e-01
1.591263455439999863e-01
1.595172067650000025e-01
1.598976696370000006e-01
1.602674484340000094e-01
1.606275194950000096e-01
1.609775274349999896e-01
1.613182921440000084e-01
1.616496913450000128e-01
1.619707643989999890e-01
1.622815283429999977e-01
1.625822371600000038e-01
1.628731415609999955e-01
1.631544889609999882e-01
1.634265234539999945e-01
1.636894857779999934e-01
1.639436132869999951e-01
1.641891399229999937e-01
1.644262961799999867e-01
1.646553090779999950e-01
1.648764021290000104e-01
1.650897953009999863e-01
1.652957049949999868e-01
1.654943440099999885e-01
1.656859215110000061e-01
1.658706430140000077e-01
1.660487103419999999e-01
1.662203216139999939e-01
1.663856712210000088e-01
1.665449497979999971e-01
1.666983442190000109e-01
1.668460375680000107e-01
1.669882091419999937e-01
1.671250344300000135e-01
1.672566851139999922e-01
1.673833290620000136e-01
1.675051303289999960e-01
1.676222491699999873e-01
1.677348420320000089e-01
1.678430615810000137e-01
1.679470567049999863e-01
1.680469725379999946e-01
1.681429504799999974e-01
1.682351282250000024e-01
1.683236397869999901e-01
1.684086155310000055e-01
1.684901822100000057e-01
1.685684630039999965e-01
1.686435775600000075e-01
1.687156420379999910e-01
1.687847691569999975e-01
1.688510682430000021e-01
1.689146452849999980e-01
1.689756029850000008e-01
1.690340408179999976e-01
1.690900550880000131e-01
1.691437389880000031e-01
1.691951826620000099e-01
1.692444732689999953e-01
1.692916950470000070e-01
1.693369293729999892e-01
1.693802548359999993e-01
1.694217472979999972e-01
1.694614799639999891e-01
1.694995234470000056e-01
1.695359458360000127e-01
1.695708127649999952e-01
1.696041874760000068e-01
1.696361308919999977e-01
1.696667016750000034e-01
1.696959563029999951e-01
1.697239491249999954e-01
1.697507324289999897e-01
1.697763565119999873e-01
1.698008697329999872e-01
1.698243185810000000e-01
1.698467477329999864e-01
1.698682001179999956e-01
1.698887169730000091e-01
1.699083378959999890e-01
1.699271009120000009e-01
1.699450425210000115e-01
1.699621977530000050e-01
1.699786002220000092e-01
