-1.138325753592854426e+02 1.773487001898370052e-01 6.534270557815338520e+01 -3.212289566272816949e-02 -3.696490454700547545e-02 3.586319338159220251e+02 1.704531515258575214e-01 3.327970823844271422e+02
1.051579674505119897e+02 3.356526367946880418e-01 9.956504480880676056e+01 -2.735546997623058973e-01 -6.874795942771272372e-02 2.894372610953891467e+02 -1.819456976674827253e-01 2.595771236963123556e+02
-1.253667089391648517e+02 3.631285170943578944e-01 6.982965696608631845e+01 3.176126432397235466e-01 -3.581096077337315997e-02 1.523506395630598149e+02 1.723429832337581014e-01 1.210200831951296863e+02
-2.962336908139825482e+02 5.717749165413420209e-02 4.072964299430230994e+01 -1.482455794434075873e-02 4.909275093936279338e-02 3.333678521902319289e+02 2.528635677236171567e-02 -9.635731201302516524e+01
-2.668567634042150303e+02 6.412321097267305314e-02 2.094253332833775119e+02 1.424763575282073959e-02 1.595451557172461801e-02 1.952119507483302812e+02 6.045034734203335453e-02 1.641663844847181508e+02
3.255980118204777618e+00 8.446840870139661617e-02 2.437992404707379634e+01 1.731019778189555811e-02 1.539486265821595271e-02 -3.080405957175308345e+02 -8.122971946912350971e-02 -2.906400733571617820e+02
-1.735839357411290393e+02 2.248207132232177552e-01 3.720696055162316895e+01 -1.636245490232718369e-02 -1.154028444326954256e-01 8.233152801597964299e+01 -1.922467338099888845e-01 -1.599192225692546643e+01
-2.607270571651679916e+02 1.549812242015500829e-01 -1.605207879123874193e+02 1.452658844244765490e-01 -4.269496189423069299e-02 3.012511333835517462e+02 -3.307783103886862558e-02 -1.579881177922380004e+02
-5.671601172835696616e+02 8.447394586930012661e-02 -3.197423133624965530e+01 3.615874611832519542e-02 6.388436948160639006e-02 -2.765368842262469684e+02 -4.179928164236256655e-02 -5.794432496973480511e+02
-4.253628372045316155e+02 8.091367222998084585e-02 -2.516009240360848054e+01 2.275052409113236321e-02 7.756554527258006926e-02 -2.001500097019078908e+02 3.608627701344548945e-03 -4.237624077523271922e+02
-2.515374454387816172e+01 1.987200111299294580e-01 1.522563123427878224e+02 -8.929863071903078320e-02 -1.275469362402051055e-01 2.018307601831689624e+02 1.234794575260294430e-01 1.776869361958552815e+02
-4.661457640248848122e+01 2.862208452755691246e-01 9.645935519342187092e+01 2.568301761351622914e-01 -2.740707673074610148e-02 1.315893043945323200e+02 1.233267409839316903e-01 1.387899750385073787e+02
-1.132681849978606721e+02 6.076564426647643874e-02 3.275065098653968221e+02 5.100717556876688957e-02 -1.327344216462304251e-02 4.922815229335116669e+02 3.024148304431113418e-02 4.951654349755429507e+02
7.912363287655195165e+01 1.265542981065082562e-01 -4.762516323239479021e+01 -1.957805435001659655e-02 -1.035047410245073796e-01 1.469772930685662686e+02 7.013885330220631653e-02 1.388027285973439575e+02
-3.999219490695157901e+02 4.862144309747647164e-02 6.966857275542513150e+01 -2.299466747583522527e-02 2.004624167829667687e-03 3.499970960420986188e+01 -4.279335787832804633e-02 4.726448686025361212e+01
2.475151261798591520e+02 3.995487669506130879e-01 -2.150829335581728117e+02 -4.609963253863085843e-03 -3.591600509422734899e-01 6.792433455752589566e+01 -1.749914947010193511e-01 2.497622568076496350e+02
5.301365557410664309e+01 4.139293566105287647e-01 1.948557999963724399e+02 -3.571264568908388143e-02 2.630832677024229627e-01 1.790453310928191115e+02 3.175678092264823671e-01 1.878698724612732462e+02
-2.613225273488010814e+01 2.332542768716867332e-01 5.849159322748928957e+01 2.303116565070221222e-01 -2.730415829126944111e-03 1.552674366301496320e+02 3.683264021659317378e-02 8.196571440663521457e+01
3.346716870298240565e+01 8.997590381345407784e-02 -1.424303782273257752e+02 -4.829046131085690946e-02 -6.896283159436113197e-02 1.106728008636353735e+02 3.174621980520450637e-02 -1.174308723355057182e+01
1.054602290044527564e+02 4.201061555984950124e-01 1.055834610671247447e+02 3.594696279771299463e-01 -1.114039035757169588e-01 1.112669546705935915e+02 -1.867081647968911462e-01 1.677604020395841076e+02
2.583643635110941545e+02 3.532108431996806852e-02 -6.011399421122452225e+01 3.238866970342763746e-02 -1.326633367406976176e-02 -2.526271910336376152e+02 -4.749469783965956475e-03 7.946821218752250005e+00
-1.630027296551162976e+02 4.304207145949646707e-01 3.888010244858283926e+01 3.946705046177851339e-01 -7.113255271433653604e-02 1.010695812242044944e+01 1.563244839477329062e-01 1.238322001064570088e+01
-7.200106457677848937e+01 1.548051712896204302e-01 -4.289102201578027120e+02 1.524787170668920611e-01 6.124446801451138064e-05 -8.276892364347909847e+01 -2.673720532812914538e-02 -4.367883767472958993e+02
8.428157123098426240e+00 1.519594059870598146e-01 -6.337828769586202071e+01 1.510633379765959419e-02 1.406681690670845697e-01 -1.059152833590777618e+02 -5.546103098976673529e-02 -3.715473164912448567e+01
-1.134261334296242580e+02 3.143718519209824924e-01 -1.479884409691053975e+02 2.149658803156955511e-01 -4.101679445389930928e-02 1.407034562135880833e+02 2.256921667959541633e-01 -1.497962986429790710e+01
-1.099145927947297281e+02 1.633486736728165523e-01 2.352430173316045625e+01 1.182824811934602288e-01 4.031156045578397629e-02 3.452828585914035671e+02 -1.051999141017078698e-01 2.122784979508681147e+02
-7.231856721737551652e+01 1.585221964797586813e-02 2.493091205018382084e+02 -6.917457688475709722e-03 -1.421139608530892252e-02 6.823787707924508084e+01 -1.215676026861895690e-03 4.919138505396335859e+01
-1.246811800952745131e+02 1.249262483123455142e-01 5.385335954469866238e+00 8.013959567897899205e-02 -9.542227428363150854e-02 -2.741678551171767140e+02 -8.877065525666779158e-03 -1.112623593660305374e+02
-1.352116823113635178e+02 3.081779700522058740e-01 -3.781797988256087706e+02 -1.931209646141990588e-01 -1.329874161869036009e-01 3.126651207436824009e+01 -1.999807525436157751e-01 -2.750462636484780319e+02
-2.300639482800914664e+02 1.998459395707967989e-01 6.560614531814624684e+01 6.842534389897847458e-02 1.723578683696490033e-01 1.921580440229897988e+02 -7.449253040615443078e-02 -1.043297140116538770e+02
3.076698473124989164e+01 5.288743284699103098e-02 -1.982591349991962204e+02 3.968187875168266432e-02 -2.099684668902912152e-02 -1.771215377781088591e+02 2.795642110498317706e-02 -2.301675263208658464e+02
1.110812652304565660e+02 2.223075925814924081e-01 -8.898229806195917035e+01 1.184950035074870331e-02 -2.121917005779928866e-01 -1.854283458025834932e+02 -6.522988016726573302e-02 4.687495331214679339e+01
3.312173712678391979e+01 4.770992708498674600e-02 5.280439743894973503e+01 -1.724371495970448628e-02 -7.761317315211342487e-03 -6.144868499495731129e+01 -4.380243589545924215e-02 -3.194282382173807022e+01
3.028562990271736908e+02 4.363366402092938579e-01 8.690414018375324190e+01 -3.319063697865782259e-01 -2.831929281051343561e-01 1.986847850788160770e+02 5.439738547960573135e-03 2.651429708795406555e+02
-9.237195105151981167e+00 2.669150081223071180e-01 1.921006552969780046e+02 -2.085281205653488901e-01 1.182231727518645165e-01 -2.541028707119891550e+01 1.174007066371296759e-01 1.348112745360959366e+02
-5.453777743254112238e+02 6.629442587608939952e-02 -3.556285126221654309e+02 -2.833471315400942769e-02 5.789483255595152811e-02 -4.872144562709551110e+02 1.550107402855208268e-02 -7.421971534265370565e+02
-5.736828843135226919e+01 2.937301310685802580e-01 -1.134812398657305721e+02 -2.658724833617356204e-02 2.812126579438149476e-01 1.228352717356103341e+01 -8.056022055363876166e-02 -6.182640865930189022e+01
-8.875313933616477868e+01 4.382509799784210514e-01 1.400451858922324391e+02 3.660295182139244874e-01 1.492018286587699048e-02 1.678528406715008146e+02 2.405487505504393941e-01 2.060765499162500589e+02
-4.344960366464562185e+02 2.959199383228663244e-02 -3.144056772407080302e+02 2.629342821023669327e-02 -5.077097350952078630e-04 5.317148281955103073e+01 1.356775452122084905e-02 -2.624352853232540497e+02
1.514913248427571091e+02 3.798176094190390262e-01 -1.238290237734042734e+02 3.081246105271332469e-01 -1.765868862229010849e-01 -2.107766207513414258e+02 -1.346763246691723981e-01 -1.047608325696416500e+02
1.510242593360248122e+02 1.362629025004646610e-01 -1.094983920326334186e+02 -5.242268411310944259e-02 -1.020999905178336664e-01 -1.913477795257314824e+02 7.345088647856169717e-02 -3.210916633823803323e+01
-2.848412609549532135e+02 1.076102330350346692e-01 1.090133168967705615e+02 9.813742509832820704e-02 -4.403884938986540876e-02 -1.687797115984579932e+01 -3.096416209303738242e-03 -1.763825186029430370e+01
-2.165327515537270529e+02 2.045208340373835254e-01 1.491682258410120312e+02 -1.754276968365110490e-01 -7.930088290550395269e-02 3.099529310361549506e+02 6.903089676653272055e-02 1.486074944501456514e+02
-9.266565661601401871e+01 2.176073649334623328e-01 -7.221163029494186958e+01 7.250634934303495926e-02 5.039186071667147576e-02 6.480902813664376083e+01 -1.988880462766488277e-01 1.371435398746606893e+01
-1.495027449960857346e+01 1.475564518161680827e-01 -2.400269576517813448e+02 -4.930026215946917145e-02 1.000554934158192633e-01 -2.201699095858669519e+00 -9.659859657832349511e-02 -9.177457105672145588e+01
4.465619447455804902e+01 8.300158415989077054e-02 -2.848740032695532136e+02 -7.674767481255030666e-02 3.160711097758145405e-02 -1.673830361968709113e+01 2.189053889484481345e-04 -2.464486477311876911e+02
-5.188104290074709297e+02 8.618892743179334959e-02 -6.567901672600130780e+01 -5.592310582975876417e-03 8.512988797642452587e-02 1.382851407195005891e+02 -1.225395639407481259e-02 -4.970363636593452270e+02
7.794636576972219189e+01 2.932186104703753404e-01 9.790354188335189178e+01 -2.156993225671914316e-01 1.782930868657679191e-01 -7.804697998229393363e+01 8.753588376264988258e-02 9.611639046802974917e+01
6.656961743283760313e+01 6.018176179347373145e-02 1.717458676428159947e+02 1.561623424919283444e-02 -4.801707340348383007e-02 8.835300154637165804e+01 -3.274657756476540699e-02 1.457544622152423131e+02
-1.267577123733082658e+02 1.514259334462314810e-01 2.751331256469480877e+02 -8.065271702970361334e-02 -3.468932720419762999e-02 -1.701478998464721428e+02 -1.233758612286422612e-01 -2.112616537253348170e+01
2.099231522710447848e+02 1.905388099322008755e-01 -1.543185986255392379e+02 2.487402253360389975e-02 -1.047209529819978779e-01 3.158718469487827747e+02 -1.572254530917921167e-01 3.558745986648840471e+02
-1.541531767788904403e+02 1.358303052171581093e-01 1.472045981179533669e+02 -1.192581000720125545e-01 -4.749721814063231906e-02 2.272389606508851614e+02 4.440035643439538965e-02 1.496203991080078026e+02
1.036556147281765163e+02 1.068052541967412505e-01 -1.180803565291273998e+02 9.873100376603402561e-02 3.313101015724860543e-02 -3.327105372149706568e+02 2.370416388194655083e-02 -1.508409124749084356e+02
-3.888204094385191638e+02 1.015737644796967792e-01 -4.481512753442339090e+02 1.255942963619232321e-02 8.552545905588057606e-02 -4.242141179461027605e+02 -5.333747473466794731e-02 -6.055606832108214803e+02
-1.923735176465016821e+02 1.655227742535758939e-01 -5.357857805023148501e+01 3.852168075485355725e-02 -1.609474336462983490e-01 -2.751351301342406259e+02 -3.129298817912376258e-03 -2.047267576076681337e+02
-3.433491860963301860e+02 1.994002254311625644e-01 -2.455297116768734611e+02 -1.817218210914194054e-01 6.799242079580360143e-02 -2.771594000945778475e+02 4.598543634176989470e-02 -4.047565365284187919e+02
5.333432339910268105e+00 1.050504378921262305e-01 5.175066712089777639e+02 1.870282383295618703e-02 -1.018238822434816976e-01 -2.497562363951949465e+02 -1.782402555166620259e-02 5.492833220993404097e+01
1.129376229845755972e+02 7.559374121871463570e-02 -2.670300384706489893e+01 -5.627983294424887539e-02 -3.933405085090780490e-02 8.805711169503628355e+01 3.162003413767344034e-02 7.571820623528597594e+01
3.081058440838071988e+02 1.221377641991982094e-01 2.994781074352038672e+02 -1.583125395838616209e-02 6.086947571428880099e-02 -2.273960122848819196e+02 -1.046991488406263521e-01 -2.561155186992363664e+00
-3.356587636183044197e+02 4.744925356678585809e-02 1.766782113777077257e+02 3.333027423034130854e-02 -1.326445595864438227e-02 -2.185758324222441047e+02 -3.105766719984889498e-02 -1.127953067832707887e+02
2.682879683139828444e+02 2.204150045607029262e-01 1.667068432418672046e+02 8.611301637704180112e-02 -1.976155989033400728e-01 -4.799346573661451032e+01 -4.599345296905035796e-02 2.956519751451596107e+02
-4.325037514225263635e+02 4.405880472925307462e-02 3.470334178572034034e+02 4.202266369201728552e-02 -1.310615931663880983e-02 1.257921257131337995e+02 1.871523006790750407e-03 2.076821750134062654e+02
2.507249355843297280e+02 4.105264939592786350e-02 -9.699762482101579053e+01 2.690725297557194917e-02 2.257030850949942602e-02 -1.002469024007719298e+02 2.125796165015753775e-02 2.236042557054462776e+01
-4.964614117392258663e+01 1.882311440811973713e-01 3.115880073882297552e+02 2.822492709679228981e-02 -1.818414399987219876e-01 -3.016318222936114779e+01 -3.959807813124816001e-02 -7.584191565386569245e+00
-2.293850038543909875e+02 3.018955691985555911e-01 9.499747790321815444e+01 -1.519340036020850604e-01 -2.411324182406537064e-01 2.789358844040699523e+02 9.955978166195389445e-02 -4.341904660429155172e+01
1.568779377148213996e+02 5.517420667489382480e-02 -1.816066430755226406e+02 6.763535616055904413e-03 -2.308389115570476033e-02 2.351728948756579740e+01 -4.965462352375473593e-02 6.453726497913085325e+01
-1.351732540866408101e+02 2.117980551397882771e-01 -3.273531034270056352e+02 -1.171426723314440005e-01 -1.066663445885017297e-01 1.298016818440311226e+01 -1.405642252216820209e-01 -2.405164056547951930e+02
1.713844753812767578e+02 2.549477922390586127e-01 3.468115756841830688e+01 -7.253488146971370613e-03 -1.371962980503266261e-01 9.951930614860494018e+01 -2.147625187935685576e-01 1.770475884164245315e+02
1.604814190710690127e+02 5.352537150687658452e-02 -3.206876636275483747e+02 4.379632190086620025e-02 3.076412331718264906e-02 -1.953941661947315822e+02 6.452127013952794641e-04 -1.725152113343303313e+02
-2.747095313759399460e+02 9.273797019644644535e-02 -2.551926255862200890e+02 7.753768411130249928e-03 6.488656953625668300e-02 -5.822369079659017643e+01 -6.580230455994739991e-02 -2.548569546352688917e+02
2.047314179113905368e+02 2.386003123690570160e-01 -3.218157592357208046e+02 1.497079466445138674e-01 1.740568988586525812e-01 -2.913237701269931677e+02 -6.497565493170312512e-02 -1.319043267844833167e+02
-1.014915351762784184e+02 3.165305260058407510e-01 -7.375591983775078120e+01 -2.102349322028997380e-01 1.941509199785915463e-01 1.633309099281118293e+01 -1.352710887316388999e-01 -1.042596148518283456e+02
-4.047332674404649424e+02 4.254485722403673065e-01 2.459078184515400096e+02 -4.088470990538093375e-01 -1.018313953562263036e-01 -9.144055654127598132e+00 -5.899918759148778391e-02 1.381709960232726360e+02
-8.128958657134124355e-01 3.503622708564579913e-01 1.377098112084338197e+02 -5.296749221017457016e-02 -1.358115792827548629e-01 2.649016459564606976e+02 -3.185959518596919171e-01 2.613875475232039776e+02
-2.953160144096176509e+02 2.266947214468761629e-01 -7.374284301492508575e+01 -1.531480866230821580e-01 1.646587195942773307e-01 9.248786216846147568e+01 2.869958810050847811e-02 -2.526109483459812850e+02
-1.664011259232711382e+02 6.113192063689922018e-02 -3.813109882440577394e+02 4.874939258794946245e-02 -2.419398164192375009e-02 2.744320328020324951e+01 -2.784348569005645757e-02 -3.574314398160921655e+02
-1.588489726797190471e+01 1.578095019997846626e-01 -4.494881806395761714e+02 3.819752576521073979e-03 -8.670672667499501607e-02 1.110635148234756997e+01 -1.317998177577719698e-01 -1.033173516042944229e+01
1.866313312092992760e+02 2.684857812835816371e-01 1.142413369560255063e+02 4.321955204613530700e-03 1.305597919405917517e-01 -3.716306310454464779e+01 -2.345635866520929536e-01 6.012680546121720937e+01
-7.657008313192240223e+01 4.064518645628065197e-01 -2.132784259730843814e+02 -2.730362635964203588e-01 -7.229666594342107344e-02 5.911112191276905037e+01 2.922798471693754396e-01 -1.143838191668739483e+02
-2.078334413120824991e+02 3.550640155123738206e-02 -1.312643949477147665e+01 -1.946283379395119875e-02 2.692049442855792493e-02 2.700444775270128730e+02 -1.253752892514012687e-02 -6.941751778132126560e+01
-1.509088537291604837e+02 5.724820829922246113e-02 -3.111982871502088415e+02 -1.061531507894768189e-02 4.982947918458540543e-02 -2.677661138735918822e+00 2.610929802654217424e-02 -1.902782572957561626e+02
-1.181928376704114640e+02 3.465048331032970219e-02 -1.359563687603758524e+02 -2.508095533488443468e-02 -2.203511310926063033e-02 -1.556387412295376471e+01 9.276608399143489517e-03 -1.777374378706080336e+02
2.612559423885145193e+01 2.073911451316785559e-01 -3.288427586183793210e+02 1.492171599911028546e-01 -1.440100696108616019e-01 3.134044955161949133e+02 -2.534974140572350369e-03 -2.146290361614883864e+02
-3.247903456467421393e+02 2.162396990732342317e-01 -4.108750005666991001e+02 2.289840921697201825e-02 4.555893856072897735e-02 -8.456264167039917368e+01 -2.101419839723483451e-01 -1.941162921188779364e+02
-1.731175193152262750e+02 1.825191832374506440e-01 -5.575127699111232005e+01 -1.800537020848144015e-02 -3.690882484933175056e-02 4.159700977945342260e+01 -1.778392463478266072e-01 2.297998955347828332e-02
2.135572598122620889e+02 1.192477203937915703e-01 -1.065767975629599675e+02 8.303827361353389655e-03 8.059093646679549305e-02 2.242547580067711692e+02 -8.749952131111154996e-02 3.014562298422555955e+02
6.098876029714590175e+01 1.711571541262960905e-01 -5.777907254505589840e+00 -9.341228401228736378e-02 6.605644363756119769e-03 4.824641478182329735e+01 1.432664722353419740e-01 3.958488457952652340e+01
1.063330036634035878e+02 1.446779175668658213e-01 -6.216466680910819775e+01 2.546314781593002341e-02 6.276676033746379779e-02 -1.137133669971676682e+02 -1.278423315319628384e-01 -6.529062669074433245e+01
8.348719373955294998e+01 4.274223795028575523e-02 -3.210517173391938286e+02 3.005143580476742245e-03 3.625573194608021355e-02 -5.070452175964796311e+02 2.243635260271923532e-02 -2.179147121066004331e+02
7.252824375269465662e+00 1.113542664163205270e-01 5.177644797727722334e+02 1.082437432001648325e-01 2.597193082725573685e-02 1.060808806144816856e+02 2.919506163361118567e-03 5.077743390005328479e+02
9.846438524274712734e+01 4.367910392964450411e-02 9.977385904748176415e+01 3.107285269617027570e-02 -2.722311579265919088e-02 6.033752240773702979e+00 1.418604638221161555e-02 1.343058887980557188e+02
-4.362417927854191362e+02 7.547855048358628749e-02 3.854743227591170296e+01 7.041961539896242350e-02 2.712238695714924708e-02 2.712197539508363207e+02 1.570183400803106801e-03 -1.151526962827138618e+02
-1.566515016224959744e+01 5.035143087448892135e-02 -6.582477218767432987e+02 -3.533612382643580574e-02 3.146773427866760703e-02 -3.449492647852229652e+02 1.721646431176853884e-02 -5.896888327166917634e+02
-2.131782111424488448e+02 4.627425248809633601e-02 1.185248416113984717e+02 -4.170145315935249591e-02 8.842572724137305606e-03 -2.598307217537961833e+01 -1.800289297165216795e-02 5.596727529346797070e+01
1.412462463629997558e+02 2.919567571280152207e-01 1.247966252065308481e+02 -1.595288739054254445e-01 1.533783630898913619e-01 -8.537225387800644683e+01 -1.904320460401536519e-01 8.670862909329919432e+01
-7.079868301423658750e+01 3.798115084083881210e-01 -2.171345537868430142e+02 -3.730580357889951015e-01 3.398561397611708779e-02 -4.082039052392541123e+01 6.268542011806513270e-02 -2.263458801925445414e+02
-5.682099636443104629e+01 1.236480235632682889e-01 1.195105814596505382e+02 7.127820193053196682e-03 -1.124536631215271310e-01 3.342124675059686751e+02 -5.091366772241167488e-02 9.282884546738794995e+01
1.636696467269909192e+02 2.393895147409776381e-01 8.775251750767147030e+01 -1.524852567144188431e-01 -1.377548987318665506e-02 -1.197158524896858154e+02 -1.840266886389370082e-01 -2.671510988129372777e+01
-1.648950974689789746e+02 2.533084589899929628e-02 4.225224908365854048e+01 2.210795576984875624e-02 1.328885718407184788e-03 -1.325753636480909314e+01 1.229325458878461827e-02 2.179184407439814919e+01
-2.224683621251083991e+02 1.885253432886568048e-01 -5.009563646598413698e+02 -1.670406937697350436e-01 -5.262462397497911365e-02 -6.886950504805193418e+01 6.978438678188374211e-02 -5.314586730583408780e+02
