5.307278134548702384e-04
5.377399831019779404e-04
5.744475303690359724e-04
6.425237432626043372e-04
6.877213181884790074e-04
7.132751547833051818e-04
8.503859305013299020e-04
1.049169979373702549e-03
1.214472338013008719e-03
1.367858443615768260e-03
1.475386078002448873e-03
1.543904182950549047e-03
1.678792359750148422e-03
1.811139586387497391e-03
1.899201129334547730e-03
2.018945113819554330e-03
2.213560313722505273e-03
2.468432904598053586e-03
2.687894458901515880e-03
2.796157144963078503e-03
2.835104389118164522e-03
3.035498495210920203e-03
3.485211887538510779e-03
4.018478874187216346e-03
4.479674885508206153e-03
4.830237873920218555e-03
4.962718060089235314e-03
5.179037101848662367e-03
5.779402593458089418e-03
6.673478609398528216e-03
7.789450783448554141e-03
8.736115064127846289e-03
9.525123568077175501e-03
1.011758201944758413e-02
1.074748269157210605e-02
1.159948245002120903e-02
1.307333378252062764e-02
1.471835185071998855e-02
1.612805215077464660e-02
1.718185208028542160e-02
1.789258798212384552e-02
1.803207604919536411e-02
1.843902455205480295e-02
1.952064627260868823e-02
2.087317358079529908e-02
2.206207866494981976e-02
2.306114808651311618e-02
2.355632613038746367e-02
2.362179349525056135e-02
2.430617027105154426e-02
2.500643871396683940e-02
2.631681251190435070e-02
2.745308854466942811e-02
2.850649496578319328e-02
2.962405842422103502e-02
3.024214390016832441e-02
3.031422916097531450e-02
3.090808702113835224e-02
3.213534227951510974e-02
3.397779241623606616e-02
3.519017699501410246e-02
3.664676914580970724e-02
3.731437730367076488e-02
3.730060221830268363e-02
3.767594809654740973e-02
4.028630271420790415e-02
4.279147313211864589e-02
4.602427259577997892e-02
5.090429226184187833e-02
5.586567259294047266e-02
6.071617277332594376e-02
6.556998210591230558e-02
7.354005153742781964e-02
8.133190193554129532e-02
7.706364315137058385e-02
7.676601904671019605e-02
7.842950011061257387e-02
7.833302072958282791e-02
8.725280079957760393e-02
8.713054474393976123e-02
8.585225458127224152e-02
8.565079740631946492e-02
8.360048376579549967e-02
8.665188726730076174e-02
9.432922012126310207e-02
9.016498404108931608e-02
8.700873191265073858e-02
9.003990293725203098e-02
8.300113459712207820e-02
8.541769761129651417e-02
7.500062889314243475e-02
6.928122176308082469e-02
6.906525761362461435e-02
6.751281718395342468e-02
6.142370339469534896e-02
5.686393529841368699e-02
5.750035962025466796e-02
5.296054317597605199e-02
4.558553560536234700e-02
4.110497685689478570e-02
3.979319017937311270e-02
