1.535750185902680191e-03
1.578235325152705423e-03
1.637562763243156569e-03
1.834768554406327780e-03
2.088957094632703810e-03
2.263507300702890211e-03
2.372821491081483422e-03
2.830357467740458703e-03
3.550888618371898699e-03
4.205202061090129381e-03
5.091721431002217864e-03
6.450869808351320477e-03
7.812539028253694812e-03
8.465005681623468878e-03
8.495356250493347333e-03
8.435777969384460062e-03
8.358956895823624333e-03
8.332056553549285413e-03
8.713196625072359633e-03
9.801304471651371003e-03
1.109863404231433565e-02
1.196705462996421228e-02
1.244022639640374878e-02
1.256964109116106079e-02
1.228799373993970205e-02
1.220861240014678613e-02
1.241272337115507940e-02
1.279469470677067379e-02
1.342019824956343886e-02
1.424644668076241460e-02
1.488499997988333365e-02
1.547949178134777268e-02
1.585566477578874076e-02
1.587420556434569058e-02
1.619203361958363938e-02
1.699668232357515879e-02
1.769730732396014583e-02
1.863689870090601969e-02
1.992888304771618657e-02
2.111646108107990971e-02
2.244565875806472585e-02
2.353599252132973149e-02
2.444235582631441514e-02
2.533372235761390326e-02
2.649069347002116354e-02
2.783123853542533374e-02
2.952791558264048974e-02
3.144863627315816479e-02
3.284234483365849888e-02
3.360884287627168704e-02
3.410128637491743886e-02
3.405802980576913552e-02
3.459853575648684509e-02
3.575677522397791713e-02
3.756339390856959504e-02
3.995571262405485380e-02
4.154720226195152827e-02
4.208893068854067249e-02
4.307280314216065803e-02
4.328734784093098836e-02
4.206471605891122512e-02
4.164161751719663157e-02
4.409734744401499346e-02
4.823825309003681311e-02
5.390134274498400990e-02
5.742945266095804413e-02
5.957112016701861246e-02
6.208535864528996751e-02
6.741514378291625642e-02
7.837771704196221101e-02
9.286345307830523588e-02
9.898577611201909987e-02
1.003786416796999537e-01
9.534481765974744949e-02
9.620970108114647312e-02
1.004516896369060663e-01
9.973118594608473830e-02
9.878883778729978526e-02
9.468167203933988696e-02
9.244056932310426578e-02
9.327545633550518578e-02
1.040885194023088572e-01
1.270413004755934494e-01
1.275305394791498015e-01
1.120768453473028059e-01
1.109115970183093963e-01
1.161289759081903794e-01
1.222614380878403600e-01
1.205405359740733540e-01
1.206114664354408228e-01
1.128046553743268371e-01
1.046758690143054782e-01
1.028875936639185584e-01
1.018602879253394794e-01
9.757942359614671379e-02
8.315541260608384777e-02
8.433280945299040376e-02
8.397066632204994163e-02
8.007666171940699962e-02
7.372924161647330388e-02
6.692565116335290332e-02
