2.831812835135881414e-03
2.868715399823680654e-03
2.964918460125001449e-03
3.403874143593266493e-03
4.379156966292165575e-03
5.492764374427036057e-03
5.998575286757889050e-03
6.174291001861956923e-03
6.966489365239293859e-03
8.614314488194281527e-03
1.056300433036241361e-02
1.246082144848465953e-02
1.506887407781317204e-02
1.934739924019966001e-02
2.485973665889022396e-02
2.976366694536215426e-02
3.244954873377128846e-02
3.265630363973087702e-02
3.112906075311202073e-02
2.951980859031879886e-02
2.878626022441713866e-02
2.964358670542619270e-02
3.258723114500704926e-02
3.699420647588652633e-02
4.069291722781281234e-02
4.213492102109448606e-02
4.123094714577486830e-02
3.992446613540954342e-02
3.899013207658889868e-02
3.960422682762683444e-02
4.090855968789292724e-02
4.163931938037144370e-02
4.148150327024225509e-02
4.091396469327043817e-02
4.064476172917291796e-02
4.102889646977026655e-02
4.201820461456504813e-02
4.293736091359073859e-02
4.345825113473506668e-02
4.349561194182677282e-02
4.294291844270455710e-02
4.245979340468200580e-02
4.209490679792744772e-02
4.196412643553242700e-02
4.158088677218355067e-02
4.198843824433704658e-02
4.258819831175820331e-02
4.325107518227406384e-02
4.391931177357171617e-02
4.497412510482230730e-02
4.678155163489190749e-02
4.804894568818530998e-02
4.821494081931394088e-02
4.818863794435167269e-02
4.809633149956846904e-02
4.783702074284679889e-02
4.789848342960786182e-02
4.871220306233854658e-02
4.920203790876428313e-02
5.001146457909305676e-02
5.223559128190963241e-02
5.404881399373766965e-02
5.412430512023279350e-02
5.333715881267908632e-02
5.342845862270642621e-02
5.531626001908828555e-02
5.805109192037165994e-02
6.069011961779796627e-02
6.140987402078847829e-02
5.879364333803042963e-02
5.692927599768268787e-02
5.903026948216020392e-02
6.265322791720515094e-02
6.630087949013045712e-02
7.482607835999514900e-02
8.268896888872816209e-02
8.877451526137082605e-02
1.009178896453407914e-01
1.124035712493150624e-01
1.206944832107886556e-01
1.293176726421513267e-01
1.467331743038117475e-01
1.423038601983795948e-01
1.449409328237689643e-01
1.435131462231797328e-01
1.438676835530534048e-01
1.466981155825844430e-01
1.503826651492215227e-01
1.575751014441655606e-01
1.649576124315283998e-01
1.669751241046351919e-01
1.720244306949801627e-01
1.722399338033920035e-01
1.684910532482636891e-01
1.554576461314114977e-01
1.379094998867728128e-01
1.286448380697561289e-01
1.199916610811614798e-01
1.225058483850790109e-01
1.195788987759166394e-01
1.141984911475262265e-01
