4.005705905758061465e-03
4.065880081368831826e-03
4.196683005704817358e-03
4.707771005549839585e-03
5.993959552584316071e-03
8.047990797012523345e-03
1.005235402670267772e-02
1.109774072490517585e-02
1.139559569849933965e-02
1.234710767996301251e-02
1.490341265378154929e-02
1.842496605898060608e-02
2.174605573763256292e-02
2.483551428883613854e-02
2.867155804722851947e-02
3.483480463047820136e-02
4.357807173895836966e-02
5.348001650605367641e-02
6.191663137171816989e-02
6.729856032998818294e-02
6.826060002724801401e-02
6.529992629049320707e-02
6.033168233827515547e-02
5.674306586025845006e-02
5.641120187635872280e-02
6.014610845196739775e-02
6.688717787115705526e-02
7.494534384873849375e-02
8.015025094126217164e-02
8.104813088219327277e-02
7.873905818767358566e-02
7.471097184607973507e-02
7.219906639971677975e-02
7.137635271722118924e-02
7.208492823939328942e-02
7.278581409440913752e-02
7.269559141797511670e-02
7.136302748285629216e-02
7.004210698253431067e-02
6.911270923839994695e-02
6.844142474290577927e-02
6.824617551237152635e-02
6.797573207193061129e-02
6.729379629040455058e-02
6.745225492717465965e-02
6.675757313897620615e-02
6.614032643859747707e-02
6.557248148765715268e-02
6.483036480250690958e-02
6.413723941802561279e-02
6.396791788282943370e-02
6.383487328961692797e-02
6.361073728754933210e-02
6.319332073958808249e-02
6.304172796009671620e-02
6.317642622801968033e-02
6.285244822503803508e-02
6.307802040348460537e-02
6.492581744577903546e-02
6.682663851932992005e-02
6.784789574258562328e-02
6.844587222391639025e-02
6.847043577997803665e-02
6.817060015497194980e-02
6.634064752240971530e-02
6.524187427590748267e-02
6.545087892959687570e-02
6.545680483563401375e-02
6.776262727914487971e-02
7.118249750159737210e-02
7.391339132918819943e-02
7.502298508671693955e-02
7.552596450892058721e-02
7.734697539694568302e-02
7.897088015065505118e-02
8.151879597943938183e-02
8.411266197606784289e-02
8.659048544952797910e-02
8.841952404453215508e-02
8.892981263214901066e-02
8.890356888970660232e-02
9.201790702268844435e-02
9.583596947407674316e-02
1.003702547453259736e-01
1.070512293187541875e-01
1.179417432900164153e-01
1.244367634122969801e-01
1.278823723960531011e-01
1.331345886838934400e-01
1.336384351740608767e-01
1.295331110521315832e-01
1.371367502266054028e-01
1.421642067551681932e-01
1.512597704339517235e-01
1.653431675343189078e-01
1.657714063284840555e-01
1.622521144209580490e-01
1.585544048122538019e-01
1.530599636345654491e-01
1.450594168523082761e-01
1.397508291720341578e-01
