4.692187192570101799e-03
4.764872954176318544e-03
4.943569370455726947e-03
5.539875813301708626e-03
6.927785877389425542e-03
9.254155903555607091e-03
1.208189020189157081e-02
1.448524859671240089e-02
1.579380706351893315e-02
1.622793564699308994e-02
1.707168440421083511e-02
1.958071291815675213e-02
2.365370336083946756e-02
2.851575559569652016e-02
3.329543040285556921e-02
3.745733099801116378e-02
4.183617288909927817e-02
4.805196921257749026e-02
5.693299534935623157e-02
6.795353090656763850e-02
7.927350664202356678e-02
8.978418745318328398e-02
9.782910464464895928e-02
1.005682183957510023e-01
9.716839740006030790e-02
8.999838231111609299e-02
8.347901233910481889e-02
8.041113568928653921e-02
8.236320785833731173e-02
8.937473116093475056e-02
9.893243247183128308e-02
1.075792170931787750e-01
1.121053272198304224e-01
1.118669759866551261e-01
1.080339009791236315e-01
1.029082468778221432e-01
9.801684590978525236e-02
9.501959939510157271e-02
9.401030721910928756e-02
9.340803092572057265e-02
9.350538753987255869e-02
9.269287863527708726e-02
9.186909592382024037e-02
9.095615172789703329e-02
9.035406585936860135e-02
8.926515326037301468e-02
8.757562498119218775e-02
8.580873964898159956e-02
8.452342167982808407e-02
8.421596761942554132e-02
8.308878952808108898e-02
8.255954303950474582e-02
8.227426423204015071e-02
8.164985138650684982e-02
8.147338384189907468e-02
8.099676576659868565e-02
8.060767310210016634e-02
8.071464207484560505e-02
8.039607936536664889e-02
8.063514244651359686e-02
8.104533461374954784e-02
8.076615469657606738e-02
8.062597580640296080e-02
8.020011649739847148e-02
8.004148452637038780e-02
8.093774644499972248e-02
8.137839621799056178e-02
8.237695048859061675e-02
8.454027661385331294e-02
8.602748333467589992e-02
8.667878715248518440e-02
8.757434658286296358e-02
8.800989992582837484e-02
8.846064502033533505e-02
8.829992191933834500e-02
8.973593885050265562e-02
9.054688080049398680e-02
8.833040230240539470e-02
8.747012687442744239e-02
8.901801804390405137e-02
9.392274908978473502e-02
9.549007465841151399e-02
9.107995011636431382e-02
8.826734371901343024e-02
9.160214659945141447e-02
1.004889920870619541e-01
1.071536830380828142e-01
1.138231447830287679e-01
1.209774839197094720e-01
1.186646287419806239e-01
1.131436835385700029e-01
1.148216219925942555e-01
1.094297174502588121e-01
1.091612113000714895e-01
1.189275801555165213e-01
1.271540345483229695e-01
1.297810013848197941e-01
1.295404657622767353e-01
1.341259405486248113e-01
1.438201303075684612e-01
1.410132695229855404e-01
