1.000000000000000000e+00
1.023292992280000036e+00
1.047128548050000107e+00
1.071519305240000053e+00
1.096478196140000083e+00
1.122018454300000023e+00
1.148153621500000110e+00
1.174897554940000033e+00
1.202264434619999989e+00
1.230268770809999967e+00
1.258925411789999949e+00
1.288249551690000105e+00
1.318256738559999919e+00
1.348962882589999968e+00
1.380384264599999966e+00
1.412537544619999919e+00
1.445439770749999964e+00
1.479108388170000010e+00
1.513561248440000062e+00
1.548816618910000109e+00
1.577292741019999944e+00
1.601982681560000010e+00
1.626643648900000017e+00
1.649318128370000025e+00
1.670087698299999923e+00
1.689348670890000070e+00
1.707420058370000104e+00
1.724524917189999895e+00
1.740822330669999918e+00
1.756430817550000079e+00
1.771442017360000065e+00
1.785928822510000069e+00
1.799950499779999991e+00
1.813556092470000047e+00
1.826786777329999945e+00
1.839677552259999960e+00
1.852258477629999955e+00
1.864555609770000011e+00
1.876591716439999891e+00
1.888386834130000080e+00
1.899958708520000039e+00
1.911323146860000044e+00
1.922494303199999921e+00
1.933484911479999901e+00
1.944306477830000102e+00
1.954969440559999994e+00
1.965483304129999942e+00
1.975856752329999910e+00
1.986097744290000078e+00
1.996213596530000078e+00
2.006211053509999953e+00
2.016096348380000070e+00
2.025875255859999946e+00
2.035553138130000050e+00
2.045134985149999807e+00
2.054625449940000070e+00
2.064028879749999934e+00
2.073349343589999894e+00
2.082590656739999879e+00
2.091756402470000165e+00
2.100849951509999869e+00
2.109874479420000171e+00
2.118832982249999830e+00
2.127728290589999904e+00
2.136563082269999914e+00
2.145339893790000119e+00
2.154061130770000165e+00
2.162729077359999863e+00
2.171345904819999895e+00
2.179913679409999805e+00
2.188434369459999917e+00
2.196909851990000107e+00
2.205341918679999846e+00
2.213732281390000001e+00
2.222082577180000129e+00
2.230394373050000212e+00
2.238669170200000114e+00
2.246908407989999912e+00
2.255113467640000202e+00
2.263285675640000161e+00
2.271426306890000024e+00
2.279536587619999999e+00
2.287617698150000045e+00
2.295670775380000084e+00
2.303696915190000194e+00
2.311697174619999906e+00
2.319672573920000147e+00
2.327624098479999848e+00
2.335552700670000092e+00
2.343459301439999809e+00
2.351344791959999903e+00
2.359210035079999823e+00
2.367055866729999902e+00
2.374883097190000125e+00
2.382692512389999795e+00
2.390484874979999841e+00
2.398260925509999808e+00
2.406021383370000155e+00
2.413766947840000121e+00
2.421498298940000016e+00
2.429216098339999963e+00
2.436920990139999965e+00
2.444613601709999973e+00
2.452294544329999937e+00
2.459964413999999877e+00
2.467623791989999926e+00
2.475273245559999946e+00
2.482913328450000012e+00
2.490544581560000026e+00
2.498167533450000199e+00
2.505782700780000205e+00
2.513390588930000114e+00
2.520991692299999976e+00
2.528586494899999870e+00
2.536175470789999942e+00
2.543759084329999975e+00
2.551337790639999881e+00
2.558912036070000173e+00
2.566482258430000218e+00
2.574048887320000034e+00
2.581612344619999888e+00
2.589173044609999863e+00
2.596731394419999894e+00
2.604287794209999785e+00
2.611842637490000119e+00
2.619396311430000068e+00
2.626949197070000075e+00
2.634501670580000177e+00
2.642054156179999946e+00
2.649606971649999920e+00
2.657160475970000046e+00
2.664715023569999897e+00
2.672270964329999998e+00
2.679828643480000050e+00
2.687388401909999835e+00
2.694950576680000154e+00
2.702515467350000034e+00
2.710083519219999904e+00
2.717654983400000113e+00
2.725230182129999790e+00
2.732809435040000068e+00
2.740393058770000057e+00
2.747981044619999924e+00
2.755574463999999946e+00
2.763173207439999945e+00
2.770777579349999797e+00
2.778388277619999958e+00
2.786004948780000046e+00
2.793628173940000181e+00
2.801258255630000082e+00
2.808894527320000112e+00
2.816539386290000113e+00
2.824192025589999933e+00
2.831853504600000182e+00
2.839522793360000019e+00
2.847201251029999991e+00
2.854888436239999994e+00
2.862584170469999911e+00
2.870290511879999951e+00
2.878007499330000218e+00
2.885734294730000205e+00
2.893470047640000153e+00
2.901218578589999986e+00
2.908973540489999898e+00
2.916742116190000011e+00
2.924525923120000037e+00
2.932323511089999890e+00
2.940132656419999879e+00
2.947960191630000004e+00
2.955792430699999862e+00
2.963642613929999836e+00
2.971507135470000005e+00
2.979386453440000082e+00
2.987281356710000058e+00
2.995193658409999848e+00
3.003121464579999955e+00
3.011042322129999782e+00
3.019005957400000106e+00
3.026971406659999975e+00
3.034963228190000084e+00
3.042982160559999816e+00
3.051029007179999919e+00
3.059081703379999961e+00
3.067143716809999976e+00
3.075233629109999978e+00
3.083335365750000001e+00
3.091477823279999981e+00
3.099674091339999826e+00
3.107818485680000187e+00
3.115974885360000002e+00
3.124206209940000090e+00
3.132445212199999940e+00
3.140732411820000181e+00
3.149010969349999911e+00
3.157304772229999834e+00
3.165693824759999941e+00
3.174118948139999841e+00
3.182570770489999923e+00
3.191048420009999997e+00
3.199544080719999961e+00
3.208067842380000201e+00
3.216620455949999791e+00
3.225272450919999923e+00
3.233958623159999934e+00
3.242695223660000181e+00
3.251440413150000097e+00
3.260296948100000147e+00
3.269106458530000037e+00
3.277960394970000024e+00
3.287001631329999896e+00
3.295910471150000021e+00
3.304973576350000108e+00
3.313999609080000130e+00
3.323072970530000170e+00
3.332354016080000036e+00
3.341570576880000143e+00
3.350993025709999795e+00
3.360348968219999843e+00
3.369784362089999874e+00
3.379459459350000028e+00
3.389052561010000186e+00
3.398872275330000026e+00
3.408773113710000136e+00
3.418677585509999783e+00
3.428691014930000058e+00
3.438746553710000153e+00
3.448928482649999960e+00
3.459208643919999826e+00
3.469870950779999852e+00
3.480496524929999946e+00
3.491080065769999852e+00
3.502116468970000174e+00
3.512814390309999979e+00
3.524209127309999801e+00
3.535639204339999786e+00
3.547186076940000099e+00
3.558704960910000104e+00
3.570381584190000179e+00
3.582363465309999828e+00
3.594225548979999907e+00
3.606251733430000161e+00
3.619069976010000023e+00
3.631984843220000148e+00
3.644837818740000124e+00
3.658240273690000155e+00
3.672083701670000089e+00
3.685443821899999861e+00
3.699605887520000191e+00
3.714242581590000203e+00
3.728978525200000060e+00
3.743405498870000070e+00
3.759074347499999913e+00
3.775710279740000175e+00
3.793028943009999931e+00
3.810960132810000012e+00
3.828927833929999913e+00
3.848672857619999998e+00
3.868811776269999836e+00
3.889509099360000111e+00
3.912556009809999846e+00
3.947310908650000005e+00
3.972460379200000169e+00
3.997831387200000197e+00
4.021917792990000073e+00
4.045103992059999598e+00
4.067981867440000343e+00
4.090049616569999991e+00
4.112044479769999761e+00
4.133943349379999965e+00
4.156186030149999766e+00
4.178514817669999992e+00
4.200230935919999631e+00
4.222484166000000094e+00
4.244895479330000221e+00
4.267797478010000312e+00
4.290799255989999672e+00
4.313623487520000133e+00
4.336871879260000284e+00
4.360222011020000288e+00
4.383560084269999990e+00
4.407896910449999872e+00
4.432177706970000131e+00
4.456453752339999852e+00
4.481469748870000380e+00
4.506862163820000156e+00
4.532363044350000258e+00
4.557944978050000095e+00
4.584107151859999618e+00
4.610500325570000335e+00
4.637775644180000434e+00
4.665097723139999708e+00
4.692907106549999874e+00
4.721149252320000045e+00
4.749856218429999721e+00
4.779526608330000315e+00
4.809066254650000261e+00
4.839307036820000185e+00
4.869507590199999569e+00
4.900637070140000162e+00
4.931824981970000188e+00
4.963686597289999725e+00
4.996690799239999592e+00
5.030046328500000108e+00
5.063924557990000075e+00
5.098905050299999964e+00
5.134356851859999793e+00
5.170532952270000315e+00
5.206430914260000264e+00
5.242915130900000165e+00
5.280478711769999833e+00
5.318994082469999718e+00
5.358263932079999847e+00
5.397704624360000203e+00
5.438189522420000088e+00
5.479734476490000006e+00
5.522092578329999668e+00
5.564366624089999824e+00
5.607815664380000342e+00
5.651521418769999805e+00
5.696567728049999779e+00
5.743180317430000237e+00
5.790757725359999775e+00
5.838160222349999984e+00
5.887658621409999959e+00
5.937252913530000065e+00
5.988281991530000070e+00
6.040466343350000322e+00
6.094014186979999970e+00
6.148386998750000387e+00
6.203655069169999869e+00
6.259911754920000071e+00
6.317573911390000241e+00
6.376494601570000142e+00
6.435878734810000168e+00
6.497703957659999752e+00
6.560151504500000286e+00
6.623566132769999726e+00
6.688017875909999965e+00
6.753438615870000383e+00
6.820630762020000404e+00
6.888816111619999738e+00
6.959013236759999721e+00
7.030117788580000138e+00
7.102231005320000179e+00
7.176724788299999602e+00
7.252603265050000303e+00
7.329808948780000222e+00
7.409089955569999830e+00
7.489872763050000160e+00
7.572418690810000186e+00
7.656715723979999666e+00
7.742811610210000417e+00
7.830687538480000320e+00
7.920094148049999561e+00
8.011547644349999331e+00
8.105021863479999311e+00
8.201553350030000189e+00
8.299603826169999365e+00
8.399075591600000834e+00
8.503113231440000419e+00
8.607215160779999152e+00
8.714412691679999767e+00
8.824114894039999157e+00
8.936511818119999617e+00
9.052405456469999834e+00
9.171188442700000110e+00
9.291398712739999510e+00
9.414571294430000847e+00
9.540996171659999803e+00
9.670789685480000841e+00
9.803038167680000470e+00
9.939836620790000410e+00
1.008023119899999998e+01
1.022447328870000050e+01
1.037204336779999991e+01
1.052332670820000082e+01
1.068139682640000032e+01
1.084349802969999921e+01
1.100976049460000006e+01
1.118055633120000003e+01
1.135666606390000055e+01
1.153852497589999970e+01
1.172750774800000073e+01
1.192219144539999931e+01
1.212594998450000006e+01
1.233446014509999955e+01
1.255251665900000013e+01
1.277734947789999964e+01
1.301307446390000067e+01
1.325958462840000074e+01
1.351732495869999973e+01
1.378562250639999931e+01
1.406643257960000071e+01
1.436788479350000003e+01
1.468587617210000040e+01
1.502795417239999942e+01
1.537800019290000009e+01
1.573619983270000056e+01
1.610274301389999962e+01
1.647782408260000153e+01
1.686164191179999960e+01
1.725440000669999918e+01
1.765630661289999992e+01
1.806757482649999957e+01
1.848842270749999983e+01
1.891907339489999984e+01
1.935975522540000071e+01
1.981070185440000131e+01
2.027215237980000140e+01
2.074435146869999969e+01
2.122449461329999920e+01
2.170992011619999928e+01
2.220552532139999968e+01
2.271022833820000031e+01
2.322359679459999882e+01
2.374674738919999939e+01
2.428093577050000107e+01
2.482755046660000176e+01
2.538584307140000007e+01
2.595654182530000043e+01
2.653940559620000172e+01
2.713705791419999969e+01
2.774857280959999883e+01
2.837537331520000095e+01
2.901720710209999865e+01
2.967523909699999862e+01
3.035100734570000114e+01
3.104446457430000095e+01
3.175526463599999971e+01
3.248551393430000189e+01
3.323476835969999854e+01
3.400509387270000161e+01
3.479660321680000123e+01
3.560712022690000111e+01
3.643651660350000299e+01
3.728523210350000028e+01
3.815371672700000261e+01
3.904243095620000048e+01
3.995184599910000145e+01
4.088244403960000284e+01
4.183471849299999690e+01
4.280917426799999959e+01
4.380632803369999806e+01
4.482670849449999650e+01
4.587085666939999840e+01
4.693932617969999654e+01
4.803268354210000268e+01
4.915150846899999948e+01
5.029639417639999976e+01
5.146794769769999789e+01
5.266679020610000350e+01
5.389355734379999774e+01
5.514889955900000018e+01
5.643348245079999970e+01
5.774798712190000316e+01
5.909311054009999964e+01
6.046956590780000340e+01
6.187808303970000168e+01
6.331940875029999916e+01
6.479430724949999387e+01
6.630356054809999478e+01
6.784796887219999917e+01
6.942835108740000294e+01
7.104554513329999565e+01
7.270040846770000087e+01
7.439381852089999825e+01
7.612667316149999408e+01
7.789989117179999312e+01
7.971441273550000517e+01
8.157119993599999930e+01
8.347123726649999753e+01
8.541553215179999370e+01
8.740511548279999943e+01
8.944104216309999345e+01
9.152439166780000335e+01
9.365626861639999845e+01
9.583780335829999331e+01
9.807015257209999959e+01
1.003544998790000022e+02
1.026920564699999971e+02
1.050840617490000000e+02
1.075317839880000008e+02
1.100365210020000006e+02
1.125996008359999934e+02
1.152223824699999994e+02
1.179062565349999971e+02
1.206526460580000020e+02
1.234630072119999937e+02
1.263388300860000015e+02
1.292816394790000061e+02
1.322929957100000138e+02
1.353744954379999967e+02
1.385277725150000094e+02
1.417544988509999939e+02
1.450563852980000092e+02
1.484351825610000049e+02
1.518926821229999859e+02
1.554307171949999997e+02
1.590511636909999993e+02
1.627559412189999932e+02
1.665470141019999915e+02
1.704263924150000094e+02
1.743961330580000038e+02
1.784583408400000053e+02
1.826151695949999976e+02
1.868688233309999873e+02
1.912215573899999868e+02
1.956756796500000064e+02
