1.928748502109999899e-22
1.811931833079999901e-21
1.541437513180000116e-20
1.192429826710000117e-19
8.421897332809999675e-19
5.451875836189999708e-18
3.246910181329999820e-17
1.785471255070000037e-16
9.097132307130000521e-16
4.309009562550000234e-15
1.903558822480000017e-14
7.867000113080000493e-14
3.050626221619999804e-13
1.113102514099999959e-12
3.831995127030000019e-12
1.247915832149999986e-11
3.853847459659999859e-11
1.131316380480000017e-10
3.164027869790000044e-10
8.449016953049999491e-10
1.781141759299999953e-09
3.293554877389999794e-09
5.919376111159999757e-09
9.916810117650000477e-09
1.562010301280000124e-08
2.345300915489999998e-08
3.391636894309999855e-08
4.758118476610000144e-08
6.508907290179999774e-08
8.715532552110000573e-08
1.145724515450000003e-07
1.482137082829999868e-07
1.890365738959999882e-07
2.380861749570000066e-07
2.964986813870000043e-07
3.655046753329999936e-07
4.464324974910000251e-07
5.407115729850000169e-07
6.498757181580000449e-07
7.755664292990000023e-07
9.195361541039999879e-07
1.083651546479999902e-06
1.269896705309999998e-06
1.480376397549999964e-06
1.717319266230000004e-06
1.983081023540000020e-06
2.280147629580000167e-06
2.611138456850000135e-06
2.978809440869999938e-06
3.386056217260000114e-06
3.835917245320000331e-06
4.331576918670000179e-06
4.876368662499999790e-06
5.473778018379999832e-06
6.127445716509999607e-06
6.841170735000000073e-06
7.618913347429999922e-06
8.464798157449999620e-06
9.383117121979999922e-06
1.037833256220000012e-05
1.145508016219999936e-05
1.261817195539999921e-05
1.387259930109999972e-05
1.522353584629999941e-05
1.667634047809999942e-05
1.823656026319999928e-05
1.990993337549999952e-05
2.170239201249999950e-05
2.362006529860000037e-05
2.566928217939999846e-05
2.785657429810000068e-05
3.018867886609999870e-05
3.267254151710000229e-05
3.531531915189999981e-05
3.812438276269999686e-05
4.110732025850000171e-05
4.427193926159999878e-05
4.762626989729999916e-05
5.117856757780000262e-05
5.493731575549999982e-05
5.891122867270000328e-05
6.310925409089999450e-05
6.754057601059999675e-05
7.221461736530000546e-05
7.714104269979999351e-05
8.232976084530000218e-05
8.779092754620000118e-05
9.353494809470000047e-05
9.957247993649999429e-05
1.059144352459999970e-04
1.125719834789999971e-04
1.195565539160000008e-04
1.268798381780000047e-04
1.345537926690000021e-04
1.425906410580000071e-04
1.510028766939999908e-04
1.598032649830000076e-04
1.690048457480000047e-04
1.786209355269999916e-04
1.886651298569999872e-04
1.991513054960000024e-04
2.100936225970000061e-04
2.215065268869999889e-04
2.334047516759999981e-04
2.458033199859999953e-04
2.587175464010000171e-04
2.721630390799999947e-04
2.861557014670000057e-04
3.007117342069999945e-04
3.158476367469999755e-04
3.315802089130000111e-04
3.479265525269999854e-04
3.649040726099999775e-04
3.825304789719999863e-04
4.008237873950000257e-04
4.198023205679999779e-04
4.394847090190000011e-04
4.598898923130000202e-04
4.810371194539999912e-04
5.029459494210000194e-04
5.256362519709999528e-04
5.491282073870000068e-04
5.734423069779999481e-04
5.985993525670000150e-04
6.246204564499999688e-04
6.515270407689999904e-04
6.793408373210000359e-04
7.080838903959999625e-04
7.377787670260000296e-04
7.684479520660000493e-04
8.001144080530000167e-04
8.328014015700000014e-04
8.665324999480000356e-04
9.013315675610000495e-04
9.372227629920000178e-04
9.742305373989999491e-04
1.012379458220000021e-03
1.051695145420000104e-03
1.092202535300000089e-03
1.133927208289999900e-03
1.176895017059999965e-03
1.221132074719999926e-03
1.266662793899999990e-03
1.313518396479999937e-03
1.361723291550000084e-03
1.411304585629999950e-03
1.462292301190000043e-03
1.514709646699999909e-03
1.568586266089999929e-03
1.623950180440000054e-03
1.680822296910000060e-03
1.739246672569999975e-03
1.799243748519999955e-03
1.860848469690000017e-03
1.924079111400000099e-03
1.988973432389999890e-03
2.055554410279999879e-03
2.123846858300000064e-03
2.193895854200000189e-03
2.265729054500000179e-03
2.339365478190000118e-03
2.414823049039999895e-03
2.492165850599999902e-03
2.571356096099999822e-03
2.652492675600000207e-03
2.735620799959999957e-03
2.820753045620000028e-03
2.907891501660000121e-03
2.997140018449999908e-03
3.088367070370000040e-03
3.181750955949999831e-03
3.277275770959999900e-03
3.374972351850000045e-03
3.474875645429999910e-03
3.577034228450000006e-03
3.681448333879999962e-03
3.787836801029999863e-03
3.896892256199999908e-03
4.008080668350000146e-03
4.121764697550000384e-03
4.237983931680000364e-03
4.356778937810000182e-03
4.477843231469999866e-03
4.601239601879999856e-03
4.727271084110000118e-03
4.855705825939999644e-03
4.987024333139999585e-03
5.121476669040000290e-03
5.257328396770000016e-03
5.395625514950000423e-03
5.537466855989999805e-03
5.681721925009999841e-03
5.829116593430000090e-03
5.978647467810000067e-03
6.130738547890000022e-03
6.286891366769999968e-03
6.446045008780000238e-03
6.608033401480000422e-03
6.772844680709999739e-03
6.940326195530000311e-03
7.110675660380000145e-03
7.283909283999999602e-03
7.461483260179999598e-03
7.642087374540000241e-03
7.826065501000000271e-03
8.012530019169999268e-03
8.203687133090000264e-03
8.396110021200000120e-03
8.591759440789999147e-03
8.793843068999999263e-03
8.995196343430000158e-03
9.202264247749999265e-03
9.410674773720000344e-03
9.622334976420000158e-03
9.841028575730000061e-03
1.006034264919999921e-02
1.028670651530000021e-02
1.051356932339999987e-02
1.074441788320000014e-02
1.098321732889999923e-02
1.122201691770000065e-02
1.146847909400000066e-02
1.171897968120000008e-02
1.197151412849999964e-02
1.222872891480000085e-02
1.248887693890000060e-02
1.275410923220000013e-02
1.302367486339999977e-02
1.330506035039999944e-02
1.358721227290000076e-02
1.386988525490000061e-02
1.416630153360000019e-02
1.445514378329999967e-02
1.476434507550000025e-02
1.507600492589999952e-02
1.539227101870000065e-02
1.570909153659999849e-02
1.603149403859999850e-02
1.636351862210000049e-02
1.669330905300000015e-02
1.702865868900000149e-02
1.738708297519999876e-02
1.774911759370000064e-02
1.811020319339999921e-02
1.848743431640000046e-02
1.887770365409999901e-02
1.925482705319999863e-02
1.965496962210000129e-02
2.006879776210000049e-02
2.048557405119999855e-02
2.089361891550000142e-02
2.133665417180000135e-02
2.180671983100000016e-02
2.229555800170000129e-02
2.280094279409999869e-02
2.330641755909999835e-02
2.386060601480000098e-02
2.442425241609999867e-02
2.500163371189999956e-02
2.564205898059999933e-02
2.660231150650000168e-02
2.729266971779999856e-02
2.798499797090000032e-02
2.863825526310000147e-02
2.926325010390000078e-02
2.987611332360000024e-02
3.046358296100000126e-02
3.104542770200000024e-02
3.162101394530000137e-02
3.220178379409999875e-02
3.278085089950000253e-02
3.334019803589999970e-02
3.390943374949999950e-02
3.447865738130000135e-02
3.505612667829999946e-02
3.563181498680000059e-02
3.619880444529999935e-02
3.677198011010000128e-02
3.734325742169999907e-02
3.790984472009999856e-02
3.849602392760000102e-02
3.907614757330000327e-02
3.965149222739999813e-02
4.023953413359999953e-02
4.083144680850000346e-02
4.142089122459999967e-02
4.200723289140000094e-02
4.260177810350000011e-02
4.319641555189999982e-02
4.380555630469999684e-02
4.441034295150000227e-02
4.502044761159999797e-02
4.563448528010000116e-02
4.625297506539999964e-02
4.688632962400000187e-02
4.751104386959999898e-02
4.814464592380000157e-02
4.877151397980000053e-02
4.941161548289999678e-02
5.004687711300000175e-02
5.068973630649999812e-02
5.134925128529999744e-02
5.200930659820000163e-02
5.267317565639999949e-02
5.335188656880000130e-02
5.403288927640000072e-02
5.472085276360000305e-02
5.539674074220000272e-02
5.607689709679999912e-02
5.677020907380000286e-02
5.747392095429999792e-02
5.818412486840000147e-02
5.889018540620000186e-02
5.960758446679999961e-02
6.033621356169999866e-02
6.107142417119999778e-02
6.179764046640000286e-02
6.253639728330000203e-02
6.327190049689999929e-02
6.402217407509999680e-02
6.479042854149999475e-02
6.556630918429999511e-02
6.633124594669999319e-02
6.712161572710000079e-02
6.790515532379999553e-02
6.870286510419999770e-02
6.950996494300000494e-02
7.032929220780000101e-02
7.115231558979999427e-02
7.197992933699999540e-02
7.281332963860000229e-02
7.365837425040000497e-02
7.451253765090000425e-02
7.536415043989999618e-02
7.624116440860000121e-02
7.711733991170000024e-02
7.799742577859999915e-02
7.888221422140000161e-02
7.977059576129999496e-02
8.067313502990000607e-02
8.157905084609999580e-02
8.250150478390000375e-02
8.342563868680000216e-02
8.435264496970000525e-02
8.529973197470000490e-02
8.625373688050000376e-02
8.721366898559999858e-02
8.818842313459999971e-02
8.917051529500000240e-02
9.016276285780000510e-02
9.116461877900000621e-02
9.217624878859999316e-02
9.319703310499999338e-02
9.422373908280000376e-02
9.526191159489999505e-02
9.631078418879999992e-02
9.738132875530000621e-02
9.845593474300000369e-02
9.953330788990000233e-02
1.006467039880000053e-01
1.017474158899999981e-01
1.028672545479999978e-01
1.039993523650000057e-01
1.051450600110000050e-01
1.063117665969999931e-01
1.074925475120000057e-01
1.086724585509999952e-01
1.098661546250000037e-01
1.110757046059999975e-01
1.123014149360000019e-01
1.135340135740000034e-01
1.147921768349999955e-01
1.160660853619999988e-01
1.173571185280000012e-01
1.186597898409999935e-01
1.199767015290000016e-01
1.213331939939999993e-01
1.227041548109999991e-01
1.240897316300000053e-01
1.254919963039999864e-01
1.269161358070000079e-01
1.283642447910000040e-01
1.298455277949999986e-01
1.313471230200000117e-01
1.328930019379999938e-01
1.344485161929999950e-01
1.360475317450000055e-01
1.376674717249999902e-01
1.393355042810000000e-01
1.410476362599999978e-01
1.428036854289999880e-01
1.445958758260000032e-01
1.464338654760000136e-01
1.483654522629999917e-01
1.503580963449999974e-01
1.524521098480000059e-01
1.545437505620000096e-01
1.566326288959999924e-01
1.587183441749999979e-01
1.608004762520000019e-01
1.628785961099999957e-01
1.649522567560000041e-01
1.670209996199999991e-01
1.690843521429999941e-01
1.711418289839999884e-01
1.731929339749999908e-01
1.752371550010000112e-01
1.772739738319999980e-01
1.793028578230000114e-01
1.813232644739999899e-01
1.833220975440000011e-01
1.852881727609999862e-01
1.872408777519999901e-01
1.891749141659999911e-01
1.910878929610000110e-01
1.929831875530000074e-01
1.948642550359999948e-01
1.967345578709999987e-01
1.985901006530000068e-01
2.004319478019999934e-01
2.022579792260000009e-01
2.040748253680000068e-01
2.058779394970000065e-01
2.076698177809999935e-01
2.094479861530000042e-01
2.112139090959999910e-01
2.129697101709999985e-01
2.147131931210000122e-01
2.164415941270000088e-01
2.181580460720000114e-01
2.198594518520000096e-01
2.215483916650000107e-01
2.232228995820000061e-01
2.248765334320000087e-01
2.265075985670000069e-01
2.281156136559999992e-01
2.297001221789999881e-01
2.312606837189999931e-01
2.327968844799999937e-01
2.343083319179999902e-01
2.357946560230000099e-01
2.372555154219999907e-01
2.386905980340000011e-01
2.400996109109999888e-01
2.414822945660000109e-01
2.428384153370000131e-01
2.441677780060000080e-01
2.454702036259999998e-01
2.467455583489999993e-01
2.479937248069999933e-01
2.492146284929999955e-01
2.504082244679999847e-01
2.515744865499999761e-01
2.527134403619999969e-01
2.538251273950000164e-01
2.549096103929999746e-01
2.559670108700000113e-01
2.569974564260000260e-01
2.580010980549999888e-01
2.589781424659999831e-01
2.599287965300000058e-01
2.608532990979999799e-01
2.617519234719999921e-01
2.626249521030000200e-01
2.634726987630000017e-01
2.642954982740000069e-01
2.650936995650000072e-01
2.658676741270000199e-01
2.666178099120000144e-01
2.673445033860000208e-01
2.680481814089999970e-01
2.687292617159999786e-01
2.693881973510000027e-01
2.700254290079999731e-01
2.706414197629999907e-01
2.712366387780000276e-01
2.718115563069999907e-01
2.723666464969999867e-01
2.729023958390000004e-01
2.734192835079999884e-01
2.739177971089999941e-01
2.743984217770000233e-01
2.748616389410000194e-01
2.753079337509999891e-01
2.757377801240000204e-01
2.761516657120000051e-01
2.765500502820000261e-01
2.769334072399999847e-01
2.773021966490000212e-01
2.776568745319999976e-01
2.779978825780000107e-01
2.783256767960000100e-01
2.786406717539999800e-01
2.789433065840000170e-01
2.792339974920000079e-01
2.795131476259999914e-01
2.797811530439999750e-01
2.800384129899999852e-01
2.802853002969999952e-01
2.805221944829999758e-01
2.807494458809999816e-01
2.809674127999999826e-01
2.811764406230000124e-01
2.813768498790000239e-01
2.815689820860000081e-01
2.817531369040000011e-01
2.819296269709999914e-01
2.820987391370000097e-01
